533.870267085  -437.79557425  NRS_FULL_MSA1  466.6792  -436.3151
460.063472173  -502.636356361  NRS_FULL_MSA1  466.6792  -436.3151
399.746753834  -434.643798026  NRS_FULL_MSA1  466.6792  -436.3151
473.036306908  -370.184671363  NRS_FULL_MSA1  466.6792  -436.3151
533.870267085  -437.79557425  NRS_FULL_MSA1  466.6792  -436.3151
448.236073652  -342.047854079  NRS_FULL_MSA2  382.0663  -340.9945
375.12301707  -406.373237539  NRS_FULL_MSA2  382.0663  -340.9945
316.116406656  -339.812100774  NRS_FULL_MSA2  382.0663  -340.9945
388.789702622  -275.744807608  NRS_FULL_MSA2  382.0663  -340.9945
448.236073652  -342.047854079  NRS_FULL_MSA2  382.0663  -340.9945
442.605060719  -518.050485332  NRS_FULL_MSA3  375.95  -516.5792
369.270251576  -583.454288493  NRS_FULL_MSA3  375.95  -516.5792
309.522271662  -514.881817369  NRS_FULL_MSA3  375.95  -516.5792
382.402416043  -449.930208806  NRS_FULL_MSA3  375.95  -516.5792
442.605060719  -518.050485332  NRS_FULL_MSA3  375.95  -516.5792
357.59255481  -421.872215299  NRS_FULL_MSA4  291.8618  -420.8317
284.886410397  -486.627007127  NRS_FULL_MSA4  291.8618  -420.8317
226.278284533  -419.595173028  NRS_FULL_MSA4  291.8618  -420.8317
298.68995026  -355.232404546  NRS_FULL_MSA4  291.8618  -420.8317
357.59255481  -421.872215299  NRS_FULL_MSA4  291.8618  -420.8317
297.960583612  -497.728351514  NRS_FULL_IFU  300.2961  -497.9
300.41970976  -495.527170333  NRS_FULL_IFU  300.2961  -497.9
302.631616388  -498.071648486  NRS_FULL_IFU  300.2961  -497.9
300.17249024  -500.272829667  NRS_FULL_IFU  300.2961  -497.9
297.960583612  -497.728351514  NRS_FULL_IFU  300.2961  -497.9
329.66678666  -478.132357703  NRS_S200A1_SLIT  330.7811  -479.2541
329.813923591  -477.99689286  NRS_S200A1_SLIT  330.7811  -479.2541
331.89541334  -480.375842297  NRS_S200A1_SLIT  330.7811  -479.2541
331.748276409  -480.51130714  NRS_S200A1_SLIT  330.7811  -479.2541
329.66678666  -478.132357703  NRS_S200A1_SLIT  330.7811  -479.2541
319.102692888  -476.842952167  NRS_S400A1_SLIT  320.5037  -478.0541
319.485180052  -476.490668801  NRS_S400A1_SLIT  320.5037  -478.0541
321.911481792  -479.272603355  NRS_S400A1_SLIT  320.5037  -478.0541
321.522219948  -479.617531199  NRS_S400A1_SLIT  320.5037  -478.0541
319.102692888  -476.842952167  NRS_S400A1_SLIT  320.5037  -478.0541
319.114669271  -473.721852329  NRS_S1600A1_SLIT  320.2083  -473.8023
320.261069603  -472.693374678  NRS_S1600A1_SLIT  320.2083  -473.8023
321.301930729  -473.882747671  NRS_S1600A1_SLIT  320.2083  -473.8023
320.155530397  -474.911225322  NRS_S1600A1_SLIT  320.2083  -473.8023
319.114669271  -473.721852329  NRS_S1600A1_SLIT  320.2083  -473.8023
312.424615328  -488.463551405  NRS_S200A2_SLIT  313.5764  -489.5507
312.652544863  -488.253436848  NRS_S200A2_SLIT  313.5764  -489.5507
314.728184672  -490.637848595  NRS_S200A2_SLIT  313.5764  -489.5507
314.500255137  -490.847963152  NRS_S200A2_SLIT  313.5764  -489.5507
312.424615328  -488.463551405  NRS_S200A2_SLIT  313.5764  -489.5507
437.759287935  -363.552771914  NRS_S200B1_SLIT  438.9313  -364.69
437.914481391  -363.411297565  NRS_S200B1_SLIT  438.9313  -364.69
440.103312065  -365.827228086  NRS_S200B1_SLIT  438.9313  -364.69
439.948118609  -365.968702435  NRS_S200B1_SLIT  438.9313  -364.69
437.759287935  -363.552771914  NRS_S200B1_SLIT  438.9313  -364.69
