151.452533933  -557.791999068  NRCA5_FULL  86.1035  -493.2275
20.882031257  -558.59646019  NRCA5_FULL  86.1035  -493.2275
22.2322443517  -428.455892288  NRCA5_FULL  86.1035  -493.2275
149.724570522  -428.629140683  NRCA5_FULL  86.1035  -493.2275
151.452533933  -557.791999068  NRCA5_FULL  86.1035  -493.2275
-23.9751512299  -556.865353895  NRCB5_FULL  -89.3892  -491.444
-154.748261331  -556.158539194  NRCB5_FULL  -89.3892  -491.444
-153.246437237  -426.748707004  NRCB5_FULL  -89.3892  -491.444
-25.542670321  -426.523493111  NRCB5_FULL  -89.3892  -491.444
-23.9751512299  -556.865353895  NRCB5_FULL  -89.3892  -491.444
