58462.0  307.81092352  315.20788007  85.3248235202  92.7217800695  
58463.0  306.618375291  314.812997594  84.1322752911  92.3268975943  
58464.0  305.426170475  314.419920179  82.940070475  91.9338201787  
58465.0  304.233990571  314.028586735  81.7478905708  91.5424867346  
58466.0  303.236519101  313.443934144  80.7504191014  90.9578341438  
58467.0  302.447820077  312.651518742  79.9617200771  90.1654187424  
58468.0  301.658796454  311.860057806  79.1726964543  89.3739578062  
58469.0  300.869257709  311.069361918  78.3831577085  88.5832619182  
58470.0  300.079013308  310.279241434  77.5929133077  87.7931414344  
58471.0  299.287872681  309.489506453  76.8017726812  87.0034064526  
58472.0  298.495645188  308.699966781  76.0095451882  86.2138667809  
58473.0  297.70214009  307.910431905  75.2160400896  85.4243319054  
58474.0  296.90716652  307.120710957  74.4210665201  84.6346109567  
58475.0  296.110533464  306.330612677  73.6244334641  83.8445126774  
58476.0  295.312049734  305.539945389  72.8259497343  83.053845389  
58477.0  294.511523954  304.748516961  72.0254239536  82.2624169608  
58478.0  293.708764541  303.956134779  71.2226645414  81.4700347793  
58479.0  292.903579704  303.16260572  70.4174797035  80.6765057198  
58480.0  292.095777428  302.36773612  69.609677428  79.8816361201  
58481.0  291.285165486  301.571331757  68.7990654859  79.085231757  
58482.0  290.471551438  300.773197826  67.985451438  78.287097826  
58483.0  289.654742649  299.973138925  67.1686426487  77.487038925  
58484.0  288.834546307  299.170959042  66.3484463072  76.6848590422  
58485.0  288.010769456  298.36646155  65.5246694559  75.8803615496  
58486.0  287.183219029  297.559449201  64.6971190287  75.0733492012  
58487.0  286.351701898  296.749724139  63.8656018978  74.2636241387  
58488.0  285.516024931  295.937087903  63.029924931  73.4509879035  
58489.0  284.67599506  295.121341456  62.18989506  72.6352414564  
58490.0  283.83141936  294.302285206  61.34531936  71.8161852061  
58491.0  282.982105142  293.479719047  60.4960051419  70.9936190467  
58492.0  282.127860058  292.653442405  59.641760058  70.167342405  
58493.0  281.268492221  291.823254299  58.7823922213  69.3371542988  
58494.0  280.40381034  290.988953407  57.9177103401  68.5028534067  
58495.0  279.533623868  290.150338151  57.0475238684  67.6642381507  
58496.0  278.657743173  289.307206792  56.1716431728  66.8211067915  
58497.0  277.775979717  288.459357539  55.2898797171  65.9732575394  
58498.0  276.888146266  287.606588679  54.4020462662  65.1204886792  
58499.0  275.994057108  286.748698713  53.5079571079  64.2625987128  
58500.0  275.093528297  285.885486519  52.6074282974  63.3993865187  
58501.0  274.186377921  285.01675153  51.7002779209  62.5306515298  
58502.0  273.272426383  284.142293932  50.7863263834  61.6561939319  
58503.0  272.351496719  283.261914882  49.8653967187  60.7758148816  
58504.0  271.423414923  282.375416748  48.9373149233  59.8893167476  
58505.0  270.488010316  281.482603374  48.0019103162  58.9965033738  
58506.0  269.545115923  280.583280367  47.0590159227  58.097180367  
58507.0  268.594568885  279.67725541  46.1084688853  57.19115541  
58508.0  267.6362109  278.7643386  45.1501109005  56.2782385995  
58509.0  266.669888682  277.844342812  44.1837886821  55.3582428123  
58510.0  265.695454452  276.917084098  43.2093544524  54.4309840979  
58511.0  264.712766459  275.982382101  42.2266664592  53.4962821008  
58512.0  263.72168952  275.04006051  41.23558952  52.5539605104  
58513.0  262.722095593  274.089947542  40.2359955929  51.6038475424  
58514.0  261.713864373  273.131876448  39.227764373  50.6457764481  
58515.0  260.696883914  272.165686056  38.2107839137  49.6795860556  
58516.0  259.671051271  271.19122134  37.1849512713  48.70512134  
58517.0  258.636273173  270.208334024  36.1501731729  47.722234024  
58518.0  257.592466703  269.216883207  35.1063667032  46.730783207  
58519.0  256.53956001  268.216736023  34.0534600097  45.7306360228  
58520.0  255.477493023  267.207768324  32.9913930232  44.7216683244  
58521.0  254.40621819  266.189865394  31.9201181897  43.7037653936  
58522.0  253.325701211  265.162922674  30.8396012113  42.676822674  
58523.0  252.235921791  264.126846524  29.7498217908  41.6407465244  
58524.0  251.136874375  263.08155499  28.6507743755  40.5954549904  
58525.0  250.028568896  262.02697859  27.5424688961  39.5408785897  
58526.0  248.911031494  260.963061108  26.4249314943  38.4769611077  
58527.0  247.784305233  259.889760398  25.2982052327  37.4036603984  
58528.0  246.648450782  258.807049187  24.1623507818  36.3209491871  
58529.0  245.503547076  257.714915867  23.0174470759  35.2288158665  
58530.0  244.349691931  256.613365283  21.8635919308  34.1272652832  
58531.0  243.187002617  255.502419506  20.7009026172  33.0163195057  
58532.0  242.01561638  254.382118568  19.5295163795  31.8960185679  
58533.0  240.835690894  253.252521181  18.349590894  30.7664211807  
58534.0  239.647404657  252.113705402  17.1613046571  29.6276054025  
58535.0  238.450957296  250.965769262  15.9648572961  28.4796692619  
58536.0  237.246569794  249.808831323  14.7604697938  27.3227313234  
58537.0  236.03448462  248.643031186  13.5483846198  26.1569311863  
58538.0  234.81496576  247.468529909  12.3288657603  24.9824299095  
58539.0  233.58829864  246.285510353  11.10219864  23.7994103532  
58540.0  232.35478993  245.094177428  9.8686899297  22.6080774283  
58541.0  231.114767234  243.894758245  8.62866723398  21.4086582454  
58542.0  229.868578655  242.687502158  7.3824786555  20.2014021578  
58543.0  228.616592232  241.472680688  6.13049223151  18.9865806885  
58544.0  227.359195241  240.250587338  4.87309524147  17.7644873377  
58545.0  226.096793385  239.021537265  3.61069338472  16.5354372647  
58546.0  224.829809829  237.78586684  2.34370982915  15.2997668402  
58547.0  223.558684133  236.543933066  1.07258413321  14.0578330662  
58548.0  222.283871045  235.296112863  359.797771045  12.8100128632  
58549.0  221.005839186  234.042802223  358.519739186  11.5567022227  
58550.0  219.725069618  232.78441523  357.238969618  10.2983152295  
58551.0  218.442054323  231.521382955  355.955954323  9.03528295467  
58552.0  217.157294572  230.254152226  354.671194572  7.76805222566  
58553.0  215.871299233  228.98318428  353.385199233  6.49708427968  
58554.0  214.584582999  227.708953309  352.098482999  5.22285330853  
58555.0  213.297664571  226.431944905  350.811564571  3.94584490482  
58556.0  212.011064797  225.152654421  349.524964797  2.66655442066  
58557.0  210.725304792  223.871585251  348.239204792  1.38548525144  
58558.0  209.44090405  222.589247058  346.95480405  0.103147058187  
58559.0  208.158378563  221.306153943  345.672278563  358.820053943  
58560.0  206.878238967  220.022822593  344.392138967  357.536722593  
58561.0  205.60098873  218.739770409  343.11488873  356.253670409  
58562.0  204.327122389  217.45751363  341.841022389  354.97141363  
58563.0  203.057123865  216.176565484  340.571023865  353.690465484  
58564.0  201.791464854  214.897434353  339.305364854  352.411334353  
58565.0  200.530603317  213.620622003  338.044503317  351.134522003  
58566.0  199.274982072  212.346621858  336.788882072  349.860521858  
58567.0  198.025027504  211.07591736  335.538927504  348.58981736  
58568.0  196.781148391  209.808980404  334.295048391  347.322880404  
58569.0  195.54373486  208.546269875  333.05763486  346.060169875  
58570.0  194.313157479  207.288230293  331.827057479  344.802130293  
58571.0  193.089766474  206.035290563  330.603666474  343.549190563  
58572.0  191.873891087  204.787862847  329.387791087  342.301762847  
58573.0  190.665839068  203.546341571  328.179739068  341.060241571  
58574.0  189.465896295  202.311102541  326.979796295  339.825002541  
58575.0  188.27432653  201.082502202  325.78822653  338.596402202  
58576.0  187.091371288  199.860877019  324.605271288  337.374777019  
58577.0  185.917249838  198.646542989  323.431149838  336.160442989  
58578.0  184.752159301  197.439795275  322.266059301  334.953695275  
58579.0  183.596274865  196.240907961  321.110174865  333.754807961  
58580.0  182.449750088  195.050133924  319.963650088  332.564033924  
58581.0  181.312717295  193.867704818  318.826617295  331.381604818  
58582.0  180.185288045  192.693831156  317.699188045  330.207731156  
58583.0  179.067553682  191.528702494  316.581453682  329.042602494  
58584.0  177.959585932  190.372487703  315.473485932  327.886387703  
58585.0  176.861437566  189.225335314  314.375337566  326.739235314  
58586.0  175.773143101  188.087373954  313.287043101  325.601273954  
58587.0  174.694719537  186.958712823  312.208619537  324.472612823  
58588.0  173.626167124  185.839442249  311.140067124  323.353342249  
58589.0  172.567470151  184.729634281  310.081370151  322.243534281  
58590.0  171.518597746  183.629343323  309.032497746  321.143243323  
58591.0  170.479504686  182.538606805  307.993404686  320.052506805  
58592.0  169.450132208  181.457445884  306.964032208  318.971345884  
58593.0  168.430408818  180.385866155  305.944308818  317.899766155  
58594.0  167.42025109  179.323858387  304.93415109  316.837758387  
58595.0  166.419564455  178.271399259  303.933464455  315.785299259  
58596.0  165.428243967  177.228452106  302.942143967  314.742352106  
58597.0  164.44617506  176.194967655  301.96007506  313.708867655  
58598.0  163.473234272  175.170884759  300.987134272  312.684784759  
58599.0  162.509289953  174.156131126  300.023189953  311.670031126  
58600.0  161.554202941  173.15062402  299.068102941  310.66452402  
58601.0  160.607827211  172.154270966  298.121727211  309.668170966  
58602.0  159.670010499  171.166970414  297.183910499  308.680870414  
58603.0  158.740594893  170.188612402  296.254494893  307.702512402  
58604.0  157.81941739  169.219079181  295.33331739  306.732979181  
58605.0  156.906310435  168.258245828  294.420210435  305.772145828  
58606.0  156.001102415  167.305980824  293.515002415  304.819880824  
58607.0  155.103618133  166.362146613  292.617518133  303.876046613  
58608.0  154.213679249  165.426600132  291.727579249  302.940500132  
58609.0  153.331104693  164.499193314  290.845004693  302.013093314  
58610.0  152.455711049  163.579773567  289.969611049  301.093673567  
58611.0  151.587312911  162.668184223  289.101212911  300.182084223  
58612.0  150.725723212  161.764264961  288.239623212  299.278164961  
58613.0  149.870753531  160.867852207  287.384653531  298.381752207  
58614.0  149.022214369  159.978779508  286.536114369  297.492679508  
58615.0  148.179915411  159.096877875  285.693815411  296.610777875  
58616.0  147.34366575  158.22197611  284.85756575  295.73587611  
58617.0  146.513274108  157.353901107  284.027174108  294.867801107  
58618.0  145.688549022  156.492478127  283.202449022  294.006378127  
58619.0  144.869299017  155.637531056  282.383199017  293.151431056  
58620.0  144.055332763  154.788882642  281.569232763  292.302782642  
58621.0  143.246459208  153.946354707  280.760359208  291.460254707  
58622.0  142.442487701  153.109768346  279.956387701  290.623668346  
58623.0  141.6432281  152.278944107  279.1571281  289.792844107  
58624.0  140.848490857  151.453702151  278.362390857  288.967602151  
58625.0  140.058087104  150.633862399  277.571987104  288.147762399  
58626.0  139.271828716  149.819244659  276.785728716  287.333144659  
58627.0  138.489528361  149.009668747  276.003428361  286.523568747  
58628.0  137.710999552  148.204954584  275.224899552  285.718854584  
58629.0  136.936056674  147.404922287  274.449956674  284.918822287  
58630.0  136.164515011  146.609392247  273.678415011  284.123292247  
58631.0  135.396190764  145.81818519  272.910090764  283.33208519  
58632.0  134.630901053  145.03112224  272.144801053  282.54502224  
58633.0  133.868463926  144.248024955  271.382363926  281.761924955  
58634.0  133.108698347  143.46871537  270.622598347  280.98261537  
58635.0  132.35142419  142.693016019  269.86532419  280.206916019  
58636.0  131.596462215  141.920749957  269.110362215  279.434649957  
58637.0  130.843634056  141.151740773  268.357534056  278.665640773  
58638.0  130.092762184  140.385812591  267.606662184  277.899712591  
58639.0  129.343669885  139.622790071  266.857569885  277.136690071  
58640.0  128.596181223  138.862498405  266.110081223  276.376398405  
58641.0  127.850121005  138.104763298  265.364021005  275.618663298  
58642.0  127.105314737  137.349410954  264.619214737  274.863310954  
58643.0  126.361588587  136.596268056  263.875488587  274.110168056  
58644.0  125.618769337  135.845161735  263.132669337  273.359061735  
58645.0  124.876684341  135.095919544  262.390584341  272.609819544  
58646.0  124.135161473  134.348369421  261.649061473  271.862269421  
58647.0  123.394029083  133.602339659  260.907929083  271.116239659  
58648.0  122.653115944  132.857658857  260.167015944  270.371558857  
58649.0  121.912251205  132.114155888  259.426151205  269.628055888  
58650.0  121.17126434  131.371659853  258.68516434  268.885559853  
58651.0  120.429985101  130.630000031  257.943885101  268.143900031  
58652.0  119.688243465  129.889005842  257.202143465  267.402905842  
58653.0  118.945869588  129.148506792  256.459769588  266.662406792  
58654.0  118.202693757  128.408332427  255.716593757  265.922232427  
58655.0  117.466638719  127.660219914  254.980538719  265.174119914  
58656.0  117.100230634  126.541302983  254.614130634  264.055202983  
58657.0  116.732284557  125.422426367  254.246184557  262.936326367  
58658.0  116.362744049  124.303306087  253.876644049  261.817206087  
58659.0  115.991550982  123.183659572  253.505450982  260.697559572  
58827.0  308.120618009  315.310678124  85.6345180089  92.8245781242  
58828.0  306.927900871  314.915306904  84.4418008713  92.4292069037  
58829.0  305.735608618  314.521756725  83.2495086177  92.0356567247  
58830.0  304.543423255  314.129965974  82.0573232548  91.6438659737  
58831.0  303.441155662  313.64974417  80.955055662  91.1636441699  
58832.0  302.652488613  312.857028893  80.1663886125  90.370928893  
58833.0  301.863545823  312.065316679  79.3774458228  89.5792166795  
58834.0  301.074136756  311.274418161  78.5880367558  88.7883181607  
58835.0  300.284070875  310.484143748  77.7979708754  87.9980437483  
58836.0  299.493157615  309.694303604  77.0070576149  87.2082036038  
58837.0  298.701206346  308.904707607  76.2151063459  86.4186076072  
58838.0  297.908026348  308.115165325  75.4219263481  85.6290653251  
58839.0  297.113426782  307.325485977  74.6273267823  84.8393859767  
58840.0  296.317216665  306.535478401  73.8311166646  84.0493784012  
58841.0  295.519204844  305.744951025  73.033104844  83.2588510249  
58842.0  294.719199984  304.953711829  72.2330999835  82.4676118287  
58843.0  293.917010545  304.161568318  71.430910545  81.675468318  
58844.0  293.112444778  303.368327493  70.6263447781  80.8822274931  
58845.0  292.305310715  302.573795823  69.8192107149  80.0876958227  
58846.0  291.495416169  301.77777922  69.009316169  79.2916792198  
58847.0  290.682568741  300.98008302  68.1964687413  78.4939830205  
58848.0  289.866575832  300.180511967  67.3804758322  77.6944119671  
58849.0  289.047244661  299.378870195  66.5611446605  76.892770195  
58850.0  288.224382291  298.574961225  65.7382822907  76.0888612246  
58851.0  287.397795668  297.768587959  64.9116956685  75.2824879586  
58852.0  286.567291665  296.959552685  64.0811916651  74.4734526854  
58853.0  285.732677132  296.14765709  63.246577132  73.6615570896  
58854.0  284.893758966  295.332702269  62.4076589662  72.8466022693  
58855.0  284.050344186  294.514488762  61.5642441863  72.0283887623  
58856.0  283.202240022  293.692816581  60.7161400217  71.2067165806  
58857.0  282.349254014  292.867485256  59.8631540144  70.3813852557  
58858.0  281.491194135  292.038293893  59.0050941347  69.5521938933  
58859.0  280.627868912  291.20504124  58.1417689116  68.7189412403  
58860.0  279.759087579  290.367525764  57.2729875794  67.8814257642  
58861.0  278.884660241  289.525545745  56.3985602406  67.0394457451  
58862.0  278.004398046  288.678899383  55.5182980456  66.1927993827  
58863.0  277.118113392  287.827384918  54.6320133922  65.3412849179  
58864.0  276.225620143  286.970800771  53.7395201431  64.4847007708  
58865.0  275.326733864  286.108945696  52.8406338642  63.6228456961  
58866.0  274.421272083  285.241618956  51.9351720835  62.755518956  
58867.0  273.509054573  284.368620513  51.0229545729  61.8825205133  
58868.0  272.589903652  283.489751244  50.103803652  61.0036512444  
58869.0  271.663644516  282.604813174  49.1775445159  60.1187131741  
58870.0  270.730105588  281.713609733  48.2440055882  59.227509733  
58871.0  269.789118898  280.815946039  47.3030188982  58.3298460389  
58872.0  268.840520485  279.911629202  46.3544204848  57.4255292024  
58873.0  267.884150827  279.000468659  45.3980508268  56.5143686592  
58874.0  266.919855299  278.082276528  44.4337552991  55.5961765285  
58875.0  265.947484657  277.156867999  43.4613846573  54.6707679991  
58876.0  264.966895548  276.224061744  42.4807955479  53.7379617442  
58877.0  263.977951047  275.283680365  41.4918510465  52.7975803647  
58878.0  262.980521222  274.335550862  40.4944212219  51.8494508623  
58879.0  261.974483726  273.379505143  39.4883837262  50.8934051427  
58880.0  260.95972441  272.415380548  38.4736244103  49.9292805482  
58881.0  259.936137963  271.443020421  37.4500379631  48.9569204208  
58882.0  258.903628573  270.462274695  36.4175285733  47.9761746954  
58883.0  257.862110611  269.473000521  35.3760106114  46.9869005211  
58884.0  256.811509331  268.475062912  34.3254093307  45.9889629124  
58885.0  255.751761584  267.468335427  33.2656615843  44.9822354266  
58886.0  254.682816554  266.452700867  32.1967165536  43.9666008668  
58887.0  253.604636488  265.42805201  31.1185364878  42.9419520101  
58888.0  252.517197448  264.394292355  30.0310974478  41.9081923552  
58889.0  251.420490051  263.35133689  28.9343900508  40.8652368904  
58890.0  250.314520211  262.299112876  27.8284202114  39.8130128755  
58891.0  249.199309873  261.237560636  26.7132098728  38.7514606359  
58892.0  248.074897723  260.166634363  25.5887977225  37.680534363  
58893.0  246.941339886  259.086302917  24.4552398857  36.6002029167  
58894.0  245.79871059  257.996550625  23.3126105901  35.5104506251  
58895.0  244.647102795  256.897378073  22.1610027948  34.4112780728  
58896.0  243.486628775  255.788802876  21.0005287749  33.3027028757  
58897.0  242.317420656  254.67086043  19.8313206557  32.1847604303  
58898.0  241.139630886  253.543604635  18.6535308859  31.0575046345  
58899.0  239.953432645  252.407108569  17.467332645  29.9210085688  
58900.0  238.759020174  251.261465132  16.2729201737  28.7753651321  
58901.0  237.556609021  250.106787622  15.0705090211  27.6206876217  
58902.0  236.3464362  248.94321025  13.8603361999  26.4571102503  
58903.0  235.128760243  247.77088859  12.6426602427  25.2847885902  
58904.0  233.903861152  246.589999937  11.417761152  24.103899937  
58905.0  232.672040237  245.400743583  10.1859402374  22.9146435833  
58906.0  231.433619835  244.203340994  8.94751983476  21.7172409944  
58907.0  230.188942902  242.998035879  7.70284290247  20.5119358794  
58908.0  228.938372491  241.785094148  6.45227249084  19.2989941481  
58909.0  227.682291083  240.564803751  5.19619108303  18.0787037506  
58910.0  226.421099806  239.337474391  3.9349998058  16.8513743908  
58911.0  225.155217511  238.103437113  2.66911751089  15.6173371127  
58912.0  223.885079729  236.863043754  1.39897972876  14.3769437538  
58913.0  222.611137498  235.616666266  0.125037498332  13.1305662657  
58914.0  221.333856078  234.364695901  358.847756078  11.8785959011  
58915.0  220.053713544  233.107542268  357.567613544  10.6214422677  
58916.0  218.771199287  231.845632254  356.285099287  9.35953225402  
58917.0  217.486812411  230.57940883  355.000712411  8.0933088297  
58918.0  216.201060053  229.309329728  353.714960053  6.82322972753  
58919.0  214.914455634  228.035866015  352.428355634  5.54976601515  
58920.0  213.627517046  226.759500565  351.141417046  4.27340056534  
58921.0  212.340764808  225.480726436  349.854664808  2.99462643604  
58922.0  211.054720182  224.200045172  348.568620182  1.71394517201  
58923.0  209.769903291  222.917965042  347.283803291  0.431865041511  
58924.0  208.486831233  221.634999222  346.000731233  359.148899222  
58925.0  207.206016219  220.351663952  344.719916219  357.865563952  
58926.0  205.927963746  219.068476658  343.441863746  356.582376658  
58927.0  204.653170821  217.785954084  342.167070821  355.299854084  
58928.0  203.382124259  216.504610428  340.896024259  354.018510428  
58929.0  202.115299046  215.224955505  339.629199046  352.738855505  
58930.0  200.853156806  213.947492956  338.367056806  351.461392956  
58931.0  199.596144365  212.672718514  337.110044365  350.186618514  
58932.0  198.344692431  211.401118334  335.858592431  348.915018334  
58933.0  197.099214387  210.133167411  334.613114387  347.647067411  
58934.0  195.860105218  208.869328093  333.374005218  346.383228093  
58935.0  194.627740564  207.610048693  332.141640564  345.123948693  
58936.0  193.402475907  206.355762213  330.916375907  343.869662213  
58937.0  192.184645895  205.10688519  329.698545895  342.62078519  
58938.0  190.974563799  203.863816658  328.488463799  341.377716658  
58939.0  189.772521099  202.626937247  327.286421099  340.140837247  
58940.0  188.578787208  201.3966084  326.092687208  338.9105084  
58941.0  187.393609313  200.173171725  324.907509313  337.687071725  
58942.0  186.217212343  198.95694847  323.731112343  336.47084847  
58943.0  185.049799041  197.74823913  322.563699041  335.26213913  
58944.0  183.89155015  196.547323172  321.40545015  334.061223172  
58945.0  182.742624698  195.354458873  320.256524698  332.868358873  
58946.0  181.603160364  194.16988328  319.117060364  331.68378328  
58947.0  180.473273937  192.993812266  317.987173937  330.507712266  
58948.0  179.35306184  191.826440691  316.86696184  329.340340691  
58949.0  178.242600721  190.667942646  315.756500721  328.181842646  
58950.0  177.141948098  189.518471792  314.655848098  327.032371792  
58951.0  176.05114305  188.378161762  313.56504305  325.892061762  
58952.0  174.970206949  187.247126638  312.484106949  324.761026638  
58953.0  173.899144219  186.125461482  311.413044219  323.639361482  
58954.0  172.837943122  185.013242919  310.351843122  322.527142919  
58955.0  171.786576551  183.910529768  309.300476551  321.424429768  
58956.0  170.745002843  182.817363699  308.258902843  320.331263699  
58957.0  169.71316659  181.733769926  307.22706659  319.247669926  
58958.0  168.690999445  180.659757921  306.204899445  318.173657921  
58959.0  167.678420928  179.595322139  305.192320928  317.109222139  
58960.0  166.675339214  178.540442757  304.189239214  316.054342757  
58961.0  165.681651908  177.495086418  303.195551908  315.008986418  
58962.0  164.697246804  176.459206967  302.211146804  313.973106967  
58963.0  163.722002617  175.432746192  301.235902617  312.946646192  
58964.0  162.755789696  174.415634547  300.269689696  311.929534547  
58965.0  161.798470708  173.40779187  299.312370708  310.92169187  
58966.0  160.849901296  172.409128076  298.363801296  309.923028076  
58967.0  159.909930707  171.419543844  297.423830707  308.933443844  
58968.0  158.978402393  170.438931272  296.492302393  307.952831272  
58969.0  158.055154577  169.467174515  295.569054577  306.981074515  
58970.0  157.140020798  168.504150402  294.653920798  306.018050402  
58971.0  156.23283041  167.54972902  293.74673041  305.06362902  
58972.0  155.333409071  166.603774281  292.847309071  304.117674281  
58973.0  154.441579182  165.666144458  291.955479182  303.180044458  
58974.0  153.557160316  164.736692692  291.071060316  302.250592692  
58975.0  152.679969599  163.815267482  290.193869599  301.329167482  
58976.0  151.809822083  162.901713138  289.323722083  300.415613138  
58977.0  150.946531076  161.99587021  288.460431076  299.50977021  
58978.0  150.089908455  161.097575898  287.603808455  298.611475898  
58979.0  149.239764953  160.206664428  286.753664953  297.720564428  
58980.0  148.39591042  159.322967406  285.90981042  296.836867406  
58981.0  147.558154062  158.446314148  285.072054062  295.960214148  
58982.0  146.726304658  157.57653199  284.240204658  295.09043199  
58983.0  145.900170758  156.713446564  283.414070758  294.227346564  
58984.0  145.07956086  155.856882069  282.59346086  293.370782069  
58985.0  144.264283565  155.006661504  281.778183565  292.520561504  
58986.0  143.454147724  154.162606892  280.968047724  291.676506892  
58987.0  142.648962559  153.324539481  280.162862559  290.838439481  
58988.0  141.84853777  152.492279926  279.36243777  290.006179926  
58989.0  141.052683637  151.665648456  278.566583637  289.179548456  
58990.0  140.261211094  150.844465024  277.775111094  288.358365024  
58991.0  139.473931802  150.02854944  276.987831802  287.54244944  
58992.0  138.690658207  149.217721489  276.204558207  286.731621489  
58993.0  137.911203583  148.411801037  275.425103583  285.925701037  
58994.0  137.13538207  147.610608125  274.64928207  285.124508125  
58995.0  136.3630087  146.813963049  273.8769087  284.327863049  
58996.0  135.593899419  146.021686424  273.107799419  283.535586424  
58997.0  134.827871091  145.233599248  272.341771091  282.747499248  
58998.0  134.064741507  144.449522944  271.578641507  281.963422944  
58999.0  133.304329376  143.669279403  270.818229376  281.183179403  
59000.0  132.546454318  142.892691009  270.060354318  280.406591009  
59001.0  131.79093685  142.119580665  269.30483685  279.633480665  
59002.0  131.037598359  141.3497718  268.551498359  278.8636718  
59003.0  130.286261084  140.583088382  267.800161084  278.096988382  
59004.0  129.536748084  139.819354916  267.050648084  277.333254916  
59005.0  128.788883203  139.058396436  266.302783203  276.572296436  
59006.0  128.042491037  138.300038497  265.556391037  275.813938497  
59007.0  127.297396893  137.544107157  264.811296893  275.058007157  
59008.0  126.55342675  136.790428958  264.06732675  274.304328958  
59009.0  125.810407213  136.038830898  263.324307213  273.552730898  
59010.0  125.06816547  135.289140407  262.58206547  272.803040407  
59011.0  124.326529243  134.541185307  261.840429243  272.055085307  
59012.0  123.585326741  133.794793786  261.099226741  271.308693786  
59013.0  122.844386613  133.049794353  260.358286613  270.563694353  
59014.0  122.103537895  132.306015797  259.617437895  269.819915797  
59015.0  121.362609963  131.56328715  258.876509963  269.07718715  
59016.0  120.621432481  130.821437637  258.135332481  268.335337637  
59017.0  119.879835354  130.080296631  257.393735354  267.594196631  
59018.0  119.137648679  129.339693607  256.651548679  266.853593607  
59019.0  118.394702694  128.599458094  255.908602694  266.113358094  
59020.0  117.650827736  127.859419623  255.164727736  265.373319623  
59021.0  117.194970122  126.830291753  254.708870122  264.344191753  
59022.0  116.827427857  125.711436267  254.341327857  263.225336267  
59023.0  116.458305302  124.592408417  253.972205302  262.106308417  
59024.0  116.087544756  123.472925252  253.601444756  260.986825252  
59192.0  308.42431181  315.411545114  85.9382118102  92.9254451138  
59193.0  307.231493941  315.015719569  84.7453939414  92.5296195691  
59194.0  306.039182205  314.621731114  83.5530822046  92.1356311137  
59195.0  304.847059138  314.229517609  82.3609591381  91.7434176089  
59196.0  303.654805277  313.839018939  81.1687052766  91.3529189387  
59197.0  302.853412725  313.058863384  80.3673127253  90.5727633842  
59198.0  302.064598707  312.266954023  79.578498707  89.7808540235  
59199.0  301.275367348  311.475906888  78.789267348  88.989806888  
59200.0  300.485528125  310.685532456  77.9994281252  88.1994324563  
59201.0  299.694890493  309.895640965  77.2087904927  87.4095409652  
59202.0  298.903263851  309.106042379  76.4171638514  86.6199423789  
59203.0  298.110457518  308.316546357  75.6243575184  85.8304463569  
59204.0  297.316280699  307.526962221  74.8301806995  85.0408622212  
59205.0  296.520542463  306.737098923  74.0344424625  84.2509989229  
59206.0  295.723051715  305.946765009  73.2369517147  83.4606650095  
59207.0  294.923617182  305.155768592  72.4375171822  82.669668592  
59208.0  294.122047394  304.363917314  71.6359473938  81.8778173139  
59209.0  293.318150669  303.571018322  70.8320506689  81.0849183218  
59210.0  292.51173511  302.776878237  70.02563511  80.290778237  
59211.0  291.702608601  301.981303131  69.2165086007  79.495203131  
59212.0  290.89057881  301.184098504  68.4044788095  78.6979985035  
59213.0  290.0754532  300.385069264  67.5893532002  77.8989692642  
59214.0  289.257039049  299.584019718  66.770939049  77.0979197183  
59215.0  288.43514347  298.780753558  65.9490434698  76.2946535576  
59216.0  287.609573447  297.975073857  65.1234734472  75.4889738566  
59217.0  286.78013588  297.166783074  64.2940358796  74.6806830738  
59218.0  285.94663763  296.355683061  63.4605376305  73.8695830612  
59219.0  285.108885591  295.541575079  62.6227855911  73.0554750794  
59220.0  284.266686754  294.724259822  61.7805867542  72.2381598215  
59221.0  283.4198483  293.903537446  60.9337482995  71.4174374458  
59222.0  282.568177692  293.079207618  60.0820776919  70.5931076177  
59223.0  281.711482793  292.251069562  59.2253827935  69.7649695617  
59224.0  280.84957199  291.418922125  58.3634719898  68.9328221254  
59225.0  279.982254332  290.582563855  57.496154332  68.0964638547  
59226.0  279.109339695  289.741793083  56.6232396949  67.2556930829  
59227.0  278.230638953  288.896408033  55.7445389527  66.4103080333  
59228.0  277.345964173  288.046206937  54.8598641727  65.5601069366  
59229.0  276.455128828  287.190988165  53.9690288282  64.7048881653  
59230.0  275.557948031  286.330550384  53.0718480315  63.8444503837  
59231.0  274.654238788  285.464692717  52.1681387878  62.9785927175  
59232.0  273.743820271  284.59321494  51.2577202708  62.1071149405  
59233.0  272.826514121  283.715917684  50.3404141212  61.2298176836  
59234.0  271.902144768  282.832602663  49.4160447681  60.3465026635  
59235.0  270.970539776  281.943072934  48.4844397757  59.456972934  
59236.0  270.031530214  281.047133162  47.5454302141  58.5610331616  
59237.0  269.084951056  280.144589924  46.598851056  57.6584899241  
59238.0  268.1306416  279.235252036  45.6445415999  56.7491520363  
59239.0  267.16844592  278.318930901  44.6823459197  55.8328309007  
59240.0  266.198213341  277.395440887  43.7121133413  54.9093408867  
59241.0  265.219798946  276.464599737  42.7336989461  53.9784997375  
59242.0  264.233064102  275.526229006  41.7469641019  53.0401290056  
59243.0  263.23787702  274.580154519  40.7517770202  52.0940545185  
59244.0  262.23411334  273.626206874  39.7480133396  51.1401068739  
59245.0  261.221656735  272.664221964  38.7355567351  50.1781219645  
59246.0  260.200399551  271.694041534  37.7142995512  49.207941534  
59247.0  259.170243458  270.715513762  36.6841434581  48.2294137618  
59248.0  258.131100129  269.728493878  35.6450001288  47.2423938781  
59249.0  257.082891936  268.732844807  34.5967919356  46.2467448067  
59250.0  256.025552663  267.728437836  33.5394526629  45.2423378358  
59251.0  254.959028233  266.715153315  32.4729282329  44.2290533148  
59252.0  253.883277442  265.692881375  31.3971774423  43.2067813754  
59253.0  252.798272705  264.661522674  30.3121727052  42.1754226742  
59254.0  251.704000797  263.620989156  29.2179007971  41.1348891555  
59255.0  250.600463598  262.571204829  28.1143635978  40.0851048294  
59256.0  249.487678825  261.512106563  27.0015788249  39.0260065625  
59257.0  248.365680753  260.443644878  25.8795807535  37.9575448777  
59258.0  247.234520917  259.365784756  24.7484209168  36.8796847559  
59259.0  246.094268779  258.278506437  23.6081687786  35.792406437  
59260.0  244.945012373  257.181806213  22.4589123727  34.6957062129  
59261.0  243.7868589  256.075697205  21.3007588998  33.5895972053  
59262.0  242.619935276  254.960210124  20.1338352756  32.4741101237  
59263.0  241.444388622  253.835393994  18.9582886219  31.3492939942  
59264.0  240.260386691  252.701316852  17.774286691  30.2152168519  
59265.0  239.068118217  251.558066389  16.5820182174  29.0719663893  
59266.0  237.867793187  250.405750552  15.3816931874  27.9196505519  
59267.0  236.659643018  249.244498071  14.1735430183  26.7583980715  
59268.0  235.443920642  248.074458931  12.9578206417  25.5883589306  
59269.0  234.22090048  246.895804747  11.7348004805  24.4097047472  
59270.0  232.990878316  245.708729072  10.5047783161  23.2226290724  
59271.0  231.754171039  244.513447592  9.26807103889  22.027347592  
59272.0  230.511116276  243.310198225  8.02501627594  20.8240982254  
59273.0  229.262071894  242.099241113  6.77597189439  19.6131411131  
59274.0  228.007415376  240.880858487  5.52131537581  18.394758487  
59275.0  226.747543061  239.655354418  4.26144306117  17.1692544177  
59276.0  225.482869266  238.423054434  2.99676926605  15.9369544344  
59277.0  224.213825268  237.184305013  1.72772526771  14.6982050135  
59278.0  222.940858167  235.939472934  0.454758166903  13.4533729338  
59279.0  221.664429629  234.688944499  359.178329629  12.2028444986  
59280.0  220.385014513  233.433124624  357.898914513  10.9470246238  
59281.0  219.10309939  232.172435797  356.61699939  9.68633579714  
59282.0  217.81918097  230.90731691  355.33308097  8.42121690967  
59283.0  216.533764439  229.638221968  354.047664439  7.15212196829  
59284.0  215.247361727  228.365618695  352.761261727  5.87951869485  
59285.0  213.960489709  227.089987022  351.474389709  4.6038870217  
59286.0  212.673668369  225.811817494  350.187568369  3.32571749398  
59287.0  211.387418927  224.53160959  348.901318927  2.04550959048  
59288.0  210.102261949  223.249869976  347.616161949  0.763769976226  
59289.0  208.818715467  221.967110701  346.332615467  359.481010701  
59290.0  207.537293108  220.683847356  345.051193108  358.197747356  
59291.0  206.258502254  219.400597211  343.772402254  356.914497211  
59292.0  204.982842258  218.11787734  342.496742258  355.63177734  
59293.0  203.710802715  216.836202752  341.224702715  354.350102752  
59294.0  202.442861811  215.556084551  339.956761811  353.069984551  
59295.0  201.179484762  214.278028128  338.693384762  351.791928128  
59296.0  199.921122349  213.002531412  337.435022349  350.516431412  
59297.0  198.66820957  211.73008318  336.18210957  349.24398318  
59298.0  197.421164402  210.461161456  334.935064402  347.975061456  
59299.0  196.18038669  209.196231994  333.69428669  346.710131994  
59300.0  194.946257169  207.935746862  332.460157169  345.449646862  
59301.0  193.719136617  206.680143139  331.233036617  344.194043139  
59302.0  192.49936514  205.429841729  330.01326514  342.943741729  
59303.0  191.287261595  204.185246292  328.801161595  341.699146292  
59304.0  190.083123149  202.946742305  327.597023149  340.460642305  
59305.0  188.887224959  201.714696251  326.401124959  339.228596251  
59306.0  187.69981999  200.489454937  325.21371999  338.003354937  
59307.0  186.521138946  199.271344935  324.035038946  336.785244935  
59308.0  185.35139032  198.060672158  322.86529032  335.574572158  
59309.0  184.190760548  196.857721551  321.704660548  334.371621551  
59310.0  183.039414269  195.662756904  320.553314269  333.176656904  
59311.0  181.897494674  194.476020778  319.411394674  331.989920778  
59312.0  180.765123936  193.297734536  318.279023936  330.811634536  
59313.0  179.642403722  192.12809848  317.156303722  329.64199848  
59314.0  178.529415764  190.96729207  316.043315764  328.48119207  
59315.0  177.426222493  189.815474244  314.940122493  327.329374244  
59316.0  176.332867716  188.672783797  313.846767716  326.186683797  
59317.0  175.249377341  187.539339845  312.763277341  325.053239845  
59318.0  174.17576013  186.415242343  311.68966013  323.929142343  
59319.0  173.112008473  185.300572652  310.625908473  322.814472652  
59320.0  172.058099188  184.195394158  309.571999188  321.709294158  
59321.0  171.013994324  183.099752928  308.527894324  320.613652928  
59322.0  169.979641975  182.013678391  307.493541975  319.527578391  
59323.0  168.954977089  180.937184046  306.468877089  318.451084046  
59324.0  167.939922272  179.870268188  305.453822272  317.384168188  
59325.0  166.934388583  178.812914642  304.448288583  316.326814642  
59326.0  165.93827631  177.765093506  303.45217631  315.278993506  
59327.0  164.951475736  176.726761887  302.465375736  314.240661887  
59328.0  163.973867877  175.697864648  301.487767877  313.211764648  
59329.0  163.005325199  174.678335126  300.519225199  312.192235126  
59330.0  162.04571231  173.668095859  299.55961231  311.181995859  
59331.0  161.094886627  172.667059283  298.608786627  310.180959283  
59332.0  160.152699007  171.675128421  297.666599007  309.189028421  
59333.0  159.218994362  170.692197546  296.732894362  308.206097546  
59334.0  158.293612228  169.718152825  295.807512228  307.232052825  
59335.0  157.37638732  168.752872941  294.89028732  306.266772941  
59336.0  156.46715004  167.796229687  293.98105004  305.310129687  
59337.0  155.565726972  166.848088536  293.079626972  304.361988536  
59338.0  154.671941332  165.908309186  292.185841332  303.422209186  
59339.0  153.785613397  164.976746074  291.299513397  302.490646074  
59340.0  152.906560904  164.053248873  290.420460904  301.567148873  
59341.0  152.034599421  163.137662946  289.548499421  300.651562946  
59342.0  151.169542686  162.229829795  288.683442686  299.743729795  
59343.0  150.311202931  161.329587461  287.825102931  298.843487461  
59344.0  149.459391169  160.436770917  286.973291169  297.950670917  
59345.0  148.613917461  159.551212428  286.127817461  297.065112428  
59346.0  147.774591167  158.672741881  285.288491167  296.186641881  
59347.0  146.941221164  157.801187107  284.455121164  295.315087107  
59348.0  146.113616049  156.936374161  283.627516049  294.450274161  
59349.0  145.291584322  156.078127597  282.805484322  293.592027597  
59350.0  144.474934549  155.226270709  281.988834549  292.740170709  
59351.0  143.663475508  154.380625761  281.177375508  291.894525761  
59352.0  142.857016318  153.541014189  280.370916318  291.054914189  
59353.0  142.055366551  152.707256794  279.569266551  290.221156794  
59354.0  141.258336334  151.879173907  278.772236334  289.393073907  
59355.0  140.465736429  151.056585546  277.979636429  288.570485546  
59356.0  139.677378309  150.239311554  277.191278309  287.753211554  
59357.0  138.893074217  149.427171719  276.406974217  286.941071719  
59358.0  138.112637212  148.619985883  275.626537212  286.133885883  
59359.0  137.335881213  147.817574043  274.849781213  285.331474043  
59360.0  136.562621025  147.019756425  274.076521025  284.533656425  
59361.0  135.792672357  146.226353562  273.306572357  283.740253562  
59362.0  135.025851841  145.437186355  272.539751841  282.951086355  
59363.0  134.261977029  144.652076117  271.775877029  282.165976117  
59364.0  133.500866399  143.870844619  271.014766399  281.384744619  
59365.0  132.742339339  143.093314122  270.256239339  280.607214122  
59366.0  131.986216139  142.319307397  269.500116139  279.833207397  
59367.0  131.232317967  141.54864774  268.746217967  279.06254774  
59368.0  130.480466848  140.781158987  267.994366848  278.295058987  
59369.0  129.730485636  140.016665507  267.244385636  277.530565507  
59370.0  128.982197977  139.254992203  266.496097977  276.768892203  
59371.0  128.23542828  138.495964501  265.74932828  276.009864501  
59372.0  127.490001674  137.739408333  265.003901674  275.253308333  
59373.0  126.74574397  136.98515012  264.25964397  274.49905012  
59374.0  126.002481614  136.233016747  263.516381614  273.746916747  
59375.0  125.260041647  135.482835531  262.773941647  272.996735531  
59376.0  124.518251654  134.734434197  262.032151654  272.248334197  
59377.0  123.77693972  133.987640836  261.29083972  271.501540836  
59378.0  123.035934378  133.242283873  260.549834378  270.756183873  
59379.0  122.295064563  132.498192024  259.808964563  270.012092024  
59380.0  121.55415956  131.755194254  259.06805956  269.269094254  
59381.0  120.813048955  131.013119735  258.326948955  268.527019735  
59382.0  120.071562586  130.271797796  257.585462586  267.785697796  
59383.0  119.329530497  129.531057883  256.843430497  267.044957883  
59384.0  118.586782881  128.790729504  256.100682881  266.304629504  
59385.0  117.843150045  128.050642183  255.357050045  265.564542183  
59386.0  117.289641579  127.119446188  254.803541579  264.633346188  
59387.0  116.922492078  126.000566718  254.436392078  263.514466718  
59388.0  116.553776814  124.881588138  254.067676814  262.395488138  
59389.0  116.183438519  123.76222711  253.697338519  261.27612711  
59390.0  115.811418202  122.642201691  253.325318202  260.156101691  
