153.164247747  -559.273198293  NRCA1_FULL  120.6714  -527.3877
88.8957462732  -559.8844479    NRCA1_FULL  120.6714  -527.3877
88.6852091695  -495.585231938  NRCA1_FULL  120.6714  -527.3877
152.075299163  -495.146987887  NRCA1_FULL  120.6714  -527.3877
153.164247747  -559.273198293  NRCA1_FULL  120.6714  -527.3877
151.951779602  -491.114050139  NRCA2_FULL  120.1121  -459.6806
88.5629432995  -491.491707733  NRCA2_FULL  120.1121  -459.6806
88.6817244062  -428.166434132  NRCA2_FULL  120.1121  -459.6806
151.374464069  -427.953054499  NRCA2_FULL  120.1121  -459.6806
151.951779602  -491.114050139  NRCA2_FULL  120.1121  -459.6806
84.0542491075  -560.024759132  NRCA3_FULL  51.9345  -527.8034
19.4886688227  -560.223023933  NRCA3_FULL  51.9345  -527.8034
20.1517394135  -495.586131917  NRCA3_FULL  51.9345  -527.8034
83.8266116045  -495.728685163  NRCA3_FULL  51.9345  -527.8034
84.0542491075  -560.024759132  NRCA3_FULL  51.9345  -527.8034
84.0034547211  -491.458155671  NRCA4_FULL  52.2768  -459.8097
20.3893928665  -491.587514944  NRCA4_FULL  52.2768  -459.8097
20.8003081319  -427.999095302  NRCA4_FULL  52.2768  -459.8097
83.7136403672  -428.197832967  NRCA4_FULL  52.2768  -459.8097
84.0034547211  -491.458155671  NRCA4_FULL  52.2768  -459.8097
-89.586730797  -489.579271441  NRCB1_FULL  -120.9682  -457.7527
-152.821725799  -489.065991328  NRCB1_FULL  -120.9682  -457.7527
-152.069975892  -426.004460812  NRCB1_FULL  -120.9682  -457.7527
-89.5224228807  -426.353838149  NRCB1_FULL  -120.9682  -457.7527
-89.586730797  -489.579271441  NRCB1_FULL  -120.9682  -457.7527
-89.5536715352  -558.092393246  NRCB2_FULL  -121.1443  -525.4582
-153.738430464  -557.134517866  NRCB2_FULL  -121.1443  -525.4582
-152.367679117  -493.078653993  NRCB2_FULL  -121.1443  -525.4582
-89.0528860323  -493.855306749  NRCB2_FULL  -121.1443  -525.4582
-89.5536715352  -558.092393246  NRCB2_FULL  -121.1443  -525.4582
-21.0487285427  -489.319067084  NRCB3_FULL  -53.1238  -457.7804
-84.5672218184  -489.588755505  NRCB3_FULL  -53.1238  -457.7804
-84.7510404418  -426.397046926  NRCB3_FULL  -53.1238  -457.7804
-21.9311509741  -425.810961888  NRCB3_FULL  -53.1238  -457.7804
-21.0487285427  -489.319067084  NRCB3_FULL  -53.1238  -457.7804
-20.3187640221  -558.079452413  NRCB4_FULL  -52.8182  -525.7273
-84.8156806956  -557.988396676  NRCB4_FULL  -52.8182  -525.7273
-84.7695076341  -493.710454146  NRCB4_FULL  -52.8182  -525.7273
-21.1577125967  -493.468331929  NRCB4_FULL  -52.8182  -525.7273
-20.3187640221  -558.079452413  NRCB4_FULL  -52.8182  -525.7273
