533.870267085  -437.79557425  NRS_FULL_MSA1  466.6792  -436.3151
460.063472173  -502.636356361  NRS_FULL_MSA1  466.6792  -436.3151
399.746753834  -434.643798026  NRS_FULL_MSA1  466.6792  -436.3151
473.036306908  -370.184671363  NRS_FULL_MSA1  466.6792  -436.3151
533.870267085  -437.79557425  NRS_FULL_MSA1  466.6792  -436.3151
448.236073652  -342.047854079  NRS_FULL_MSA2  382.0663  -340.9945
375.12301707  -406.373237539  NRS_FULL_MSA2  382.0663  -340.9945
316.116406656  -339.812100774  NRS_FULL_MSA2  382.0663  -340.9945
388.789702622  -275.744807608  NRS_FULL_MSA2  382.0663  -340.9945
448.236073652  -342.047854079  NRS_FULL_MSA2  382.0663  -340.9945
442.605060719  -518.050485332  NRS_FULL_MSA3  375.95  -516.5792
369.270251576  -583.454288493  NRS_FULL_MSA3  375.95  -516.5792
309.522271662  -514.881817369  NRS_FULL_MSA3  375.95  -516.5792
382.402416043  -449.930208806  NRS_FULL_MSA3  375.95  -516.5792
442.605060719  -518.050485332  NRS_FULL_MSA3  375.95  -516.5792
357.59255481  -421.872215299  NRS_FULL_MSA4  291.8618  -420.8317
284.886410397  -486.627007127  NRS_FULL_MSA4  291.8618  -420.8317
226.278284533  -419.595173028  NRS_FULL_MSA4  291.8618  -420.8317
298.68995026  -355.232404546  NRS_FULL_MSA4  291.8618  -420.8317
357.59255481  -421.872215299  NRS_FULL_MSA4  291.8618  -420.8317
297.960583612  -497.728351514  NRS_FULL_IFU  300.2961  -497.9
300.41970976  -495.527170333  NRS_FULL_IFU  300.2961  -497.9
302.631616388  -498.071648486  NRS_FULL_IFU  300.2961  -497.9
300.17249024  -500.272829667  NRS_FULL_IFU  300.2961  -497.9
297.960583612  -497.728351514  NRS_FULL_IFU  300.2961  -497.9
